Ravenclaw:-0.11459990981896649,-0.06106431197569203,-0.12534536059443263,-0.02808202370384689,-0.03794888651507252,-0.0581884592880139,0.012116353841104837,-0.04181125319043704,-0.05537147042878791,-0.04551221390345586,-0.049606144927458844,-0.050641906472287446,0.02110082243604864,-0.08630679621545638
Slytherin:-0.12559391164338024,-0.041149593283215345,-0.12156596398897436,-0.08835988252059479,-0.006531202529806282,-0.14412048364211352,-0.06530093154627678,-0.11580958156307666,-0.0386960958858082,-0.02182717011341744,-0.009539706483719528,-0.020454657231831444,-0.051574883571242985,-0.0841557358678454
Gryffindor:-0.04137049404015248,-0.018772596012112834,0.018017152041747857,-0.08566217003322002,-0.049481425995004304,-0.017702431826284414,-0.035025280570823755,0.001210718701391357,-0.09554856574837403,-0.11016009951758585,-0.0684270636577803,-0.01279630472947913,-0.07740126182057591,0.01971204263873348
Hufflepuff:-0.0861168322718488,-0.04430714410841674,-0.021279153290150715,0.011664268262848925,-0.06121788828173849,-0.0303030202359979,-0.03091287737943431,-0.09057598203550249,-0.012877460000524742,-0.04543571562509771,-0.011398910808220307,-0.0829495663070106,-0.031891285957725286,-0.05764796179293213
