Ravenclaw:-0.16499898436491447,-0.14940100947734214,-0.03127711572807162,0.005975544768560015,-0.08781903966937192,0.04073304362308191,-0.012586878253161514,-0.0620430598484438,-0.08364117815453322,-0.0812835516544006,0.030610007801174278,-0.10223356593180297
Slytherin:-0.20512194675296208,-0.13953830026840872,-0.1700271731735419,-0.05393017285066334,-0.20576150324973108,-0.09766334994623407,-0.13013679508042128,-0.08616740164258462,-0.1050974159610897,-0.07330344279982924,-0.11342310864908724,-0.11760719593894242
Gryffindor:-0.19373281373589613,-0.0634623904301971,-0.13966591874522064,-0.1294369607257291,-0.09585760015160998,-0.094201625620581,-0.03796397026471231,-0.16753360616838403,-0.2040188623196696,-0.1381348051080071,-0.13406848619812217,-0.018504853838368095
Hufflepuff:-0.1127638148696075,0.005034255956340807,-0.004093550327817882,-0.11765857070853926,-0.043219195411505186,-0.10177622535725352,-0.1121820618397154,-0.013219103426634269,-0.02536639204617376,-0.08398194657991223,-0.06230793484069218,-0.07781554376104445
