Ravenclaw:-1.44748221604804,-0.7945791955862184,-2.294259365865766,0.7141461201889047,0.8848810787604691,0.19546492471367446,1.8458517660428573,1.185272534470309,-0.28465260549690874,-0.3206572880967627,-0.5913053723839208,-0.6003613863372332,1.9331278563758023,-0.78778311957418
Slytherin:0.16203785196139656,0.06965637800992451,-1.2581255592664042,-1.3928036330831004,1.4206565835634135,-2.1271865264731855,-0.6324264819117913,-0.9877995453546102,0.48471040502532214,0.5828765354857106,1.0614538136246068,0.051720437974573256,-0.9715164723237744,-0.9148413944041134
Gryffindor:0.07146637726431437,-0.02840371888845786,0.8790590163421338,-1.2949100051783666,-0.8116142539748539,0.4921685598702416,-0.3664674097799875,1.231615414181295,-1.6902582736874747,-1.8415568569549283,-0.6540903788699957,-0.038264836697569256,-1.0740092602749578,1.733985293743204
Hufflepuff:-0.4921216938329787,-0.19554260594546588,1.6795009416510276,1.6162229213568766,-2.184931361994629,0.6651501921086613,-1.1650005948340398,-2.0902007069804855,0.8716843824401153,0.8843445253353343,-0.6926924773955349,-0.18115651850397682,-0.178164275605087,-1.0025445253599585
